*3DSMAX_ASCIIEXPORT	200
*COMMENT "AsciiExport Version  2.00 - Sun Nov  9 09:35:42 2025"
*SCENE {
	*SCENE_FILENAME ""
	*SCENE_FIRSTFRAME 0
	*SCENE_LASTFRAME 100
	*SCENE_FRAMESPEED 30
	*SCENE_TICKSPERFRAME 160
}
usedMaterialCnt 1
meshCnt 5
indexCnt 2394
indexCnt 576
indexCnt 2118
indexCnt 324
indexCnt 7230
*MATERIAL_LIST {
	*MATERIAL_COUNT 1
	*MATERIAL ID 0 {
		*MATERIAL_NAME "lambert1"
		*MATERIAL_AMBIENT 0.0000	0.0000	0.0000
		*MATERIAL_DIFFUSE 0.8000	0.8000	0.8000
		*MATERIAL_SPECULAR 0.0000	0.0000	0.0000
		*MATERIAL_TRANSPARENCY 0.0000
		*TEXTURE {
			*MAP_NAME "base_color_texture"
			*BITMAP "E:\AssetStoreProject2\RPG Tiny Character PBR\Unity\TinyRPGCharacter\Assets\RPGTinyCharacter\Texture\Albedo01.png"
		}
	}
}
*HELPEROBJECT {
	*NODE_NAME "root"
	*NODE_TRANSFORMATION_MATRIX {
		*LOCAL_TM0	0.3937	0.0000	0.0000
		*LOCAL_TM1	0.0000	0.3937	0.0025
		*LOCAL_TM2	0.0000	-0.0025	0.3937
		*LOCAL_TM3	0.0000	0.0000	0.0000
		*Offset_TM0	2.5400	-0.0000	0.0000
		*Offset_TM1	0.0000	2.5399	-0.0162
		*Offset_TM2	-0.0000	0.0162	2.5399
		*Offset_TM3	-0.0000	-0.0000	-0.0000
	}
	*NODE_LOCAL_TRANSFORMATION_MATRIX_DECOMPOSITION {
		*TM_TRANSLATION_COMPONENTS	0.0000	0.0000	0.0000
		*TM_ESSENTIAL_ROTATION	1.0000	-0.0000	-0.0000	0.0064
		*TM_STRETCH_ROTATION	0.0000	0.0000	0.0000	0.0000
		*TM_STRETCH_FACTORS	0.3937	0.3937	0.3937
		*TM_STRETCH_FLIP_SIGN	1.0000
	}
}
*HELPEROBJECT {
	*NODE_NAME "pelvis"
	*NODE_PARENT "root"
	*NODE_TRANSFORMATION_MATRIX {
		*LOCAL_TM0	-0.0000	1.0000	-0.0000
		*LOCAL_TM1	-0.9845	-0.0000	-0.1752
		*LOCAL_TM2	-0.1752	-0.0000	0.9845
		*LOCAL_TM3	0.0000	32.1651	0.0076
		*Offset_TM0	-0.0000	-2.5007	-0.4450
		*Offset_TM1	2.5399	0.0028	-0.0159
		*Offset_TM2	0.0162	-0.4450	2.5007
		*Offset_TM3	-32.1651	0.0013	-0.0075
	}
	*NODE_LOCAL_TRANSFORMATION_MATRIX_DECOMPOSITION {
		*TM_TRANSLATION_COMPONENTS	0.0000	32.1651	0.0076
		*TM_ESSENTIAL_ROTATION	-0.0876	0.9923	-0.0876	1.5785
		*TM_STRETCH_ROTATION	0.9997	0.0003	0.0243	0.1225
		*TM_STRETCH_FACTORS	1.0000	1.0000	1.0000
		*TM_STRETCH_FLIP_SIGN	1.0000
	}
}
*HELPEROBJECT {
	*NODE_NAME "thigh_l"
	*NODE_PARENT "pelvis"
	*NODE_TRANSFORMATION_MATRIX {
		*LOCAL_TM0	0.9351	0.1314	0.3291
		*LOCAL_TM1	-0.1148	0.9909	-0.0697
		*LOCAL_TM2	-0.3352	0.0274	0.9417
		*LOCAL_TM3	-2.9833	-9.5021	-1.4152
		*Offset_TM0	-0.4751	-2.4471	-0.4875
		*Offset_TM1	2.3703	-0.2876	-0.8664
		*Offset_TM2	0.7795	-0.6170	2.3374
		*Offset_TM3	-25.5762	12.6680	11.3689
	}
	*NODE_LOCAL_TRANSFORMATION_MATRIX_DECOMPOSITION {
		*TM_TRANSLATION_COMPONENTS	-2.9833	-9.5021	-1.4152
		*TM_ESSENTIAL_ROTATION	-0.1357	0.3443	-0.9290	0.3656
		*TM_STRETCH_ROTATION	0.0000	-0.7998	-0.6002	0.2083
		*TM_STRETCH_FACTORS	1.0000	1.0000	1.0000
		*TM_STRETCH_FLIP_SIGN	1.0000
	}
}
*HELPEROBJECT {
	*NODE_NAME "calf_l"
	*NODE_PARENT "thigh_l"
	*NODE_TRANSFORMATION_MATRIX {
		*LOCAL_TM0	0.9448	0.0771	-0.3185
		*LOCAL_TM1	-0.0591	0.9961	0.0657
		*LOCAL_TM2	0.3223	-0.0432	0.9457
		*LOCAL_TM3	-13.7773	-0.2749	-0.5948
		*Offset_TM0	-0.4822	-2.4414	-0.5083
		*Offset_TM1	2.4932	-0.4835	-0.0430
		*Offset_TM2	-0.0554	-0.5071	2.4882
		*Offset_TM3	-13.9599	14.3759	6.9515
	}
	*NODE_LOCAL_TRANSFORMATION_MATRIX_DECOMPOSITION {
		*TM_TRANSLATION_COMPONENTS	-13.7773	-0.2749	-0.5948
		*TM_ESSENTIAL_ROTATION	0.1640	0.2051	0.9649	0.3385
		*TM_STRETCH_ROTATION	-0.0000	-0.0000	1.0000	0.2380
		*TM_STRETCH_FACTORS	1.0000	1.0000	1.0000
		*TM_STRETCH_FLIP_SIGN	1.0000
	}
}
*HELPEROBJECT {
	*NODE_NAME "foot_l"
	*NODE_PARENT "calf_l"
	*NODE_TRANSFORMATION_MATRIX {
		*LOCAL_TM0	0.9816	-0.1904	-0.0169
		*LOCAL_TM1	0.1866	0.9737	-0.1307
		*LOCAL_TM2	0.0414	0.1252	0.9913
		*LOCAL_TM3	-12.5624	0.2024	1.2257
		*Offset_TM0	0.0000	-2.4008	-0.8294
		*Offset_TM1	2.5400	-0.0000	0.0000
		*Offset_TM2	-0.0000	-0.8294	2.4008
		*Offset_TM3	-4.1666	12.7915	7.3920
	}
	*NODE_LOCAL_TRANSFORMATION_MATRIX_DECOMPOSITION {
		*TM_TRANSLATION_COMPONENTS	-12.5624	0.2024	1.2257
		*TM_ESSENTIAL_ROTATION	-0.5571	-0.8207	0.1269	0.2317
		*TM_STRETCH_ROTATION	0.9207	0.3222	-0.2201	0.2620
		*TM_STRETCH_FACTORS	1.0000	1.0000	1.0000
		*TM_STRETCH_FLIP_SIGN	1.0000
	}
}
*HELPEROBJECT {
	*NODE_NAME "ball_l"
	*NODE_PARENT "foot_l"
	*NODE_TRANSFORMATION_MATRIX {
		*LOCAL_TM0	-0.0000	0.0000	-1.0000
		*LOCAL_TM1	-0.0000	1.0000	0.0000
		*LOCAL_TM2	1.0000	-0.0000	-0.0000
		*LOCAL_TM3	-2.0222	-0.1546	-10.9518
		*Offset_TM0	0.8294	-2.4008	0.0000
		*Offset_TM1	-0.0000	-0.0000	2.5400
		*Offset_TM2	-2.4008	-0.8294	-0.0000
		*Offset_TM3	-18.3437	12.9461	-2.1444
	}
	*NODE_LOCAL_TRANSFORMATION_MATRIX_DECOMPOSITION {
		*TM_TRANSLATION_COMPONENTS	-2.0222	-0.1546	-10.9518
		*TM_ESSENTIAL_ROTATION	0.0000	0.0000	1.0000	1.5708
		*TM_STRETCH_ROTATION	0.0000	1.0000	-0.0000	0.1225
		*TM_STRETCH_FACTORS	1.0000	1.0000	1.0000
		*TM_STRETCH_FLIP_SIGN	1.0000
	}
}
*HELPEROBJECT {
	*NODE_NAME "spine_01"
	*NODE_PARENT "pelvis"
	*NODE_TRANSFORMATION_MATRIX {
		*LOCAL_TM0	0.9858	0.0294	-0.1651
		*LOCAL_TM1	-0.0000	0.9845	0.1752
		*LOCAL_TM2	0.1677	-0.1727	0.9706
		*LOCAL_TM3	9.8944	0.3375	-1.8966
		*Offset_TM0	-0.0000	-2.5400	-0.0001
		*Offset_TM1	2.5067	-0.0000	0.4099
		*Offset_TM2	-0.4099	-0.0001	2.5067
		*Offset_TM3	-41.7858	0.0001	-5.1601
	}
	*NODE_LOCAL_TRANSFORMATION_MATRIX_DECOMPOSITION {
		*TM_TRANSLATION_COMPONENTS	9.8944	0.3375	-1.8966
		*TM_ESSENTIAL_ROTATION	0.7213	0.0609	0.6900	0.2435
		*TM_STRETCH_ROTATION	-0.9445	0.0749	-0.3199	0.2464
		*TM_STRETCH_FACTORS	1.0000	1.0000	1.0000
		*TM_STRETCH_FLIP_SIGN	1.0000
	}
}
*HELPEROBJECT {
	*NODE_NAME "spine_02"
	*NODE_PARENT "spine_01"
	*NODE_TRANSFORMATION_MATRIX {
		*LOCAL_TM0	0.9808	0.0000	0.1948
		*LOCAL_TM1	-0.0000	1.0000	0.0000
		*LOCAL_TM2	-0.1948	0.0000	0.9808
		*LOCAL_TM3	10.7710	0.0000	1.1222
		*Offset_TM0	-0.0000	-2.5400	-0.0001
		*Offset_TM1	2.5385	-0.0000	-0.0862
		*Offset_TM2	0.0862	-0.0001	2.5385
		*Offset_TM3	-52.7739	0.0001	4.0751
	}
	*NODE_LOCAL_TRANSFORMATION_MATRIX_DECOMPOSITION {
		*TM_TRANSLATION_COMPONENTS	10.7710	0.0000	1.1222
		*TM_ESSENTIAL_ROTATION	0.0000	0.0000	-1.0000	0.1960
		*TM_STRETCH_ROTATION	-0.9479	-0.3186	-0.0000	0.0000
		*TM_STRETCH_FACTORS	1.0000	1.0000	1.0000
		*TM_STRETCH_FLIP_SIGN	1.0000
	}
}
*HELPEROBJECT {
	*NODE_NAME "spine_03"
	*NODE_PARENT "spine_02"
	*NODE_TRANSFORMATION_MATRIX {
		*LOCAL_TM0	0.9926	-0.0000	-0.1217
		*LOCAL_TM1	-0.0000	1.0000	-0.0000
		*LOCAL_TM2	0.1217	0.0000	0.9926
		*LOCAL_TM3	9.3467	0.0000	0.0000
		*Offset_TM0	-0.0000	-2.5400	-0.0001
		*Offset_TM1	2.5301	-0.0000	0.2235
		*Offset_TM2	-0.2235	-0.0001	2.5301
		*Offset_TM3	-62.1547	0.0001	-3.5182
	}
	*NODE_LOCAL_TRANSFORMATION_MATRIX_DECOMPOSITION {
		*TM_TRANSLATION_COMPONENTS	9.3467	0.0000	0.0000
		*TM_ESSENTIAL_ROTATION	-0.0000	0.0000	1.0000	0.1220
		*TM_STRETCH_ROTATION	0.9852	0.1716	-0.0000	0.0000
		*TM_STRETCH_FACTORS	1.0000	1.0000	1.0000
		*TM_STRETCH_FLIP_SIGN	1.0000
	}
}
*HELPEROBJECT {
	*NODE_NAME "neck_01"
	*NODE_PARENT "spine_03"
	*NODE_TRANSFORMATION_MATRIX {
		*LOCAL_TM0	0.9942	-0.0000	-0.1079
		*LOCAL_TM1	0.0000	1.0000	0.0000
		*LOCAL_TM2	0.1079	0.0000	0.9942
		*LOCAL_TM3	7.6966	0.0000	-0.0000
		*Offset_TM0	0.0000	-2.5400	-0.0001
		*Offset_TM1	2.4913	-0.0000	0.4951
		*Offset_TM2	-0.4951	-0.0001	2.4913
		*Offset_TM3	-69.0642	0.0001	-11.0323
	}
	*NODE_LOCAL_TRANSFORMATION_MATRIX_DECOMPOSITION {
		*TM_TRANSLATION_COMPONENTS	7.6966	0.0000	-0.0000
		*TM_ESSENTIAL_ROTATION	-0.0000	-0.0000	1.0000	0.1081
		*TM_STRETCH_ROTATION	0.9996	0.0271	-0.0000	0.0000
		*TM_STRETCH_FACTORS	1.0000	1.0000	1.0000
		*TM_STRETCH_FLIP_SIGN	1.0000
	}
}
*HELPEROBJECT {
	*NODE_NAME "head"
	*NODE_PARENT "neck_01"
	*NODE_TRANSFORMATION_MATRIX {
		*LOCAL_TM0	0.9906	0.0000	0.1367
		*LOCAL_TM1	-0.0000	1.0000	-0.0000
		*LOCAL_TM2	-0.1367	0.0000	0.9906
		*LOCAL_TM3	20.5234	0.0000	0.0000
		*Offset_TM0	-0.0000	-2.5400	-0.0001
		*Offset_TM1	2.5356	-0.0000	0.1500
		*Offset_TM2	-0.1500	-0.0001	2.5356
		*Offset_TM3	-90.2547	0.0001	1.3152
	}
	*NODE_LOCAL_TRANSFORMATION_MATRIX_DECOMPOSITION {
		*TM_TRANSLATION_COMPONENTS	20.5234	0.0000	0.0000
		*TM_ESSENTIAL_ROTATION	-0.0000	0.0000	-1.0000	0.1371
		*TM_STRETCH_ROTATION	-0.9774	-0.2115	-0.0000	0.0000
		*TM_STRETCH_FACTORS	1.0000	1.0000	1.0000
		*TM_STRETCH_FLIP_SIGN	1.0000
	}
}
*HELPEROBJECT {
	*NODE_NAME "clavicle_l"
	*NODE_PARENT "spine_03"
	*NODE_TRANSFORMATION_MATRIX {
		*LOCAL_TM0	-0.1880	-0.9614	0.2009
		*LOCAL_TM1	0.9748	-0.2076	-0.0814
		*LOCAL_TM2	0.1200	0.1806	0.9762
		*LOCAL_TM3	1.9443	-6.2890	-2.1993
		*Offset_TM0	2.4419	0.5273	-0.4587
		*Offset_TM1	-0.4307	2.4482	0.5217
		*Offset_TM2	0.5505	-0.4238	2.4431
		*Offset_TM3	5.7378	-63.6832	-7.8419
	}
	*NODE_LOCAL_TRANSFORMATION_MATRIX_DECOMPOSITION {
		*TM_TRANSLATION_COMPONENTS	1.9443	-6.2890	-2.1993
		*TM_ESSENTIAL_ROTATION	-0.1340	-0.9901	-0.0414	1.7821
		*TM_STRETCH_ROTATION	-0.1789	0.9567	0.2297	0.2382
		*TM_STRETCH_FACTORS	1.0000	1.0000	1.0000
		*TM_STRETCH_FLIP_SIGN	1.0000
	}
}
*HELPEROBJECT {
	*NODE_NAME "upperarm_l"
	*NODE_PARENT "clavicle_l"
	*NODE_TRANSFORMATION_MATRIX {
		*LOCAL_TM0	0.9207	-0.3804	0.0865
		*LOCAL_TM1	0.3670	0.9198	0.1389
		*LOCAL_TM2	-0.1324	-0.0962	0.9865
		*LOCAL_TM3	10.1734	0.0000	0.0000
		*Offset_TM0	2.0081	1.3175	-0.8266
		*Offset_TM1	-1.2828	2.1663	0.3363
		*Offset_TM2	0.8794	0.1516	2.3781
		*Offset_TM3	19.4655	-61.2925	-1.0242
	}
	*NODE_LOCAL_TRANSFORMATION_MATRIX_DECOMPOSITION {
		*TM_TRANSLATION_COMPONENTS	10.1734	0.0000	0.0000
		*TM_ESSENTIAL_ROTATION	0.2890	-0.9187	-0.2691	0.4189
		*TM_STRETCH_ROTATION	0.1200	0.0270	0.9924	0.2572
		*TM_STRETCH_FACTORS	1.0000	1.0000	1.0000
		*TM_STRETCH_FLIP_SIGN	1.0000
	}
}
*HELPEROBJECT {
	*NODE_NAME "lowerarm_l"
	*NODE_PARENT "upperarm_l"
	*NODE_TRANSFORMATION_MATRIX {
		*LOCAL_TM0	-0.1812	0.0000	-0.9834
		*LOCAL_TM1	0.0000	1.0000	0.0000
		*LOCAL_TM2	0.9834	0.0000	-0.1812
		*LOCAL_TM3	19.9226	0.0000	0.0000
		*Offset_TM0	0.4490	1.3175	2.1247
		*Offset_TM1	-0.0982	2.1663	-1.3225
		*Offset_TM2	-2.4981	0.1516	0.4339
		*Offset_TM3	1.0901	-61.2925	-0.2639
	}
	*NODE_LOCAL_TRANSFORMATION_MATRIX_DECOMPOSITION {
		*TM_TRANSLATION_COMPONENTS	19.9226	0.0000	0.0000
		*TM_ESSENTIAL_ROTATION	0.0000	0.0000	1.0000	1.7530
		*TM_STRETCH_ROTATION	0.0000	0.0000	0.0000	0.0000
		*TM_STRETCH_FACTORS	1.0000	1.0000	1.0000
		*TM_STRETCH_FLIP_SIGN	1.0000
	}
}
*HELPEROBJECT {
	*NODE_NAME "hand_l"
	*NODE_PARENT "lowerarm_l"
	*NODE_TRANSFORMATION_MATRIX {
		*LOCAL_TM0	0.9853	-0.0476	0.1643
		*LOCAL_TM1	-0.1311	0.4070	0.9040
		*LOCAL_TM2	-0.1099	-0.9122	0.3948
		*LOCAL_TM3	13.8600	0.0000	0.0000
		*Offset_TM0	0.7289	2.3980	-0.4124
		*Offset_TM1	-0.4171	-0.3010	-2.4874
		*Offset_TM2	-2.3972	0.7815	0.3074
		*Offset_TM3	-9.7095	-23.5095	57.2096
	}
	*NODE_LOCAL_TRANSFORMATION_MATRIX_DECOMPOSITION {
		*TM_TRANSLATION_COMPONENTS	13.8600	0.0000	0.0000
		*TM_ESSENTIAL_ROTATION	0.9878	0.0454	-0.1491	1.1664
		*TM_STRETCH_ROTATION	0.9451	0.3019	-0.1254	0.2440
		*TM_STRETCH_FACTORS	1.0000	1.0000	1.0000
		*TM_STRETCH_FLIP_SIGN	1.0000
	}
}
*HELPEROBJECT {
	*NODE_NAME "index_01_l"
	*NODE_PARENT "hand_l"
	*NODE_TRANSFORMATION_MATRIX {
		*LOCAL_TM0	0.7132	0.0037	0.7010
		*LOCAL_TM1	-0.0051	1.0000	0.0000
		*LOCAL_TM2	-0.7010	-0.0036	0.7132
		*LOCAL_TM3	7.8996	0.5036	-2.9177
		*Offset_TM0	0.2395	2.3942	-0.8137
		*Offset_TM1	-2.0422	-0.2989	-1.4804
		*Offset_TM2	-1.4912	0.7938	1.8968
		*Offset_TM3	29.5020	-23.9216	55.3118
	}
	*NODE_LOCAL_TRANSFORMATION_MATRIX_DECOMPOSITION {
		*TM_TRANSLATION_COMPONENTS	7.8996	0.5036	-2.9177
		*TM_ESSENTIAL_ROTATION	0.0026	0.0063	-1.0000	0.7768
		*TM_STRETCH_ROTATION	0.0321	-0.9995	0.0000	0.0763
		*TM_STRETCH_FACTORS	1.0000	1.0000	1.0000
		*TM_STRETCH_FLIP_SIGN	1.0000
	}
}
*HELPEROBJECT {
	*NODE_NAME "index_02_l"
	*NODE_PARENT "index_01_l"
	*NODE_TRANSFORMATION_MATRIX {
		*LOCAL_TM0	-0.5713	0.0053	0.8207
		*LOCAL_TM1	0.0101	0.9999	0.0006
		*LOCAL_TM2	-0.8207	0.0086	-0.5714
		*LOCAL_TM3	8.4993	0.0000	0.0000
		*Offset_TM0	-0.7920	2.3960	0.2890
		*Offset_TM1	-0.0498	-0.3203	2.5192
		*Offset_TM2	2.4128	0.7799	0.1468
		*Offset_TM3	33.2689	-23.6765	-49.0445
	}
	*NODE_LOCAL_TRANSFORMATION_MATRIX_DECOMPOSITION {
		*TM_TRANSLATION_COMPONENTS	8.4993	0.0000	0.0000
		*TM_ESSENTIAL_ROTATION	-0.0049	-0.0029	-1.0000	2.1790
		*TM_STRETCH_ROTATION	-0.0000	0.3797	0.9251	0.0521
		*TM_STRETCH_FACTORS	1.0000	1.0000	1.0000
		*TM_STRETCH_FLIP_SIGN	1.0000
	}
}
*HELPEROBJECT {
	*NODE_NAME "index_03_l"
	*NODE_PARENT "index_02_l"
	*NODE_TRANSFORMATION_MATRIX {
		*LOCAL_TM0	0.9972	0.0214	0.0714
		*LOCAL_TM1	-0.0218	0.9998	0.0045
		*LOCAL_TM2	-0.0713	-0.0061	0.9974
		*LOCAL_TM3	6.3434	-0.0000	-0.0000
		*Offset_TM0	-0.7179	2.4140	0.3301
		*Offset_TM1	0.1234	-0.3077	2.5183
		*Offset_TM2	2.4333	0.7278	-0.0303
		*Offset_TM3	22.8403	-24.4799	-50.6949
	}
	*NODE_LOCAL_TRANSFORMATION_MATRIX_DECOMPOSITION {
		*TM_TRANSLATION_COMPONENTS	6.3434	-0.0000	-0.0000
		*TM_ESSENTIAL_ROTATION	0.0710	0.2889	-0.9547	0.0748
		*TM_STRETCH_ROTATION	0.4082	-0.2391	0.8810	0.0793
		*TM_STRETCH_FACTORS	1.0000	1.0000	1.0000
		*TM_STRETCH_FLIP_SIGN	1.0000
	}
}
*HELPEROBJECT {
	*NODE_NAME "thumb_01_l"
	*NODE_PARENT "hand_l"
	*NODE_TRANSFORMATION_MATRIX {
		*LOCAL_TM0	0.5908	-0.2585	0.7643
		*LOCAL_TM1	0.7893	-0.0108	-0.6139
		*LOCAL_TM2	0.1670	0.9659	0.1977
		*LOCAL_TM3	6.2029	-4.6623	2.5732
		*Offset_TM0	-0.5046	0.8025	2.3565
		*Offset_TM1	-2.0696	1.2009	-0.8521
		*Offset_TM2	-1.3833	-2.0894	0.4154
		*Offset_TM3	37.2285	-45.8951	-10.0618
	}
	*NODE_LOCAL_TRANSFORMATION_MATRIX_DECOMPOSITION {
		*TM_TRANSLATION_COMPONENTS	6.2029	-4.6623	2.5732
		*TM_ESSENTIAL_ROTATION	-0.7948	-0.5272	-0.3005	1.6822
		*TM_STRETCH_ROTATION	-0.0000	-0.5694	-0.8221	0.1560
		*TM_STRETCH_FACTORS	1.0000	1.0000	1.0000
		*TM_STRETCH_FLIP_SIGN	1.0000
	}
}
*HELPEROBJECT {
	*NODE_NAME "thumb_02_l"
	*NODE_PARENT "thumb_01_l"
	*NODE_TRANSFORMATION_MATRIX {
		*LOCAL_TM0	-0.4726	-0.0144	0.8812
		*LOCAL_TM1	0.0662	0.9965	0.0518
		*LOCAL_TM2	-0.8788	0.0828	-0.4700
		*LOCAL_TM3	5.2381	0.0000	-0.0000
		*Offset_TM0	2.3034	0.8882	-0.5976
		*Offset_TM1	0.2099	1.0155	2.3187
		*Offset_TM2	1.0497	-2.1521	0.8475
		*Offset_TM3	-23.3248	-44.1353	-27.1850
	}
	*NODE_LOCAL_TRANSFORMATION_MATRIX_DECOMPOSITION {
		*TM_TRANSLATION_COMPONENTS	5.2381	0.0000	-0.0000
		*TM_ESSENTIAL_ROTATION	-0.0176	-0.0457	-0.9988	2.0635
		*TM_STRETCH_ROTATION	0.5235	-0.2728	0.8072	0.6697
		*TM_STRETCH_FACTORS	1.0000	1.0000	1.0000
		*TM_STRETCH_FLIP_SIGN	1.0000
	}
}
*HELPEROBJECT {
	*NODE_NAME "thumb_03_l"
	*NODE_PARENT "thumb_02_l"
	*NODE_TRANSFORMATION_MATRIX {
		*LOCAL_TM0	0.9899	-0.0066	0.1418
		*LOCAL_TM1	0.0031	0.9997	0.0253
		*LOCAL_TM2	-0.1419	-0.0246	0.9896
		*LOCAL_TM3	4.5100	0.0000	-0.0000
		*Offset_TM0	2.1895	0.8799	-0.9400
		*Offset_TM1	0.5298	1.0744	2.2398
		*Offset_TM2	1.1735	-2.1267	0.7426
		*Offset_TM3	-31.1146	-44.8934	-21.8674
	}
	*NODE_LOCAL_TRANSFORMATION_MATRIX_DECOMPOSITION {
		*TM_TRANSLATION_COMPONENTS	4.5100	0.0000	-0.0000
		*TM_ESSENTIAL_ROTATION	0.1730	-0.0336	-0.9843	0.1446
		*TM_STRETCH_ROTATION	0.9953	0.0973	0.0000	0.2185
		*TM_STRETCH_FACTORS	1.0000	1.0000	1.0000
		*TM_STRETCH_FLIP_SIGN	1.0000
	}
}
*HELPEROBJECT {
	*NODE_NAME "weapon_l"
	*NODE_PARENT "hand_l"
	*NODE_TRANSFORMATION_MATRIX {
		*LOCAL_TM0	1.0000	-0.0000	0.0000
		*LOCAL_TM1	0.0000	-0.0000	-1.0000
		*LOCAL_TM2	-0.0000	1.0000	-0.0000
		*LOCAL_TM3	9.4000	0.4000	0.7000
		*Offset_TM0	0.7289	0.4124	2.3980
		*Offset_TM1	-0.4171	2.4874	-0.3010
		*Offset_TM2	-2.3972	-0.3074	0.7815
		*Offset_TM3	-19.1094	-56.5096	-23.9095
	}
	*NODE_LOCAL_TRANSFORMATION_MATRIX_DECOMPOSITION {
		*TM_TRANSLATION_COMPONENTS	9.4000	0.4000	0.7000
		*TM_ESSENTIAL_ROTATION	-1.0000	0.0000	-0.0000	1.5708
		*TM_STRETCH_ROTATION	-0.9981	0.0618	0.0000	0.0932
		*TM_STRETCH_FACTORS	1.0000	1.0000	1.0000
		*TM_STRETCH_FLIP_SIGN	1.0000
	}
}
*HELPEROBJECT {
	*NODE_NAME "shoulderPadJoint_l"
	*NODE_PARENT "clavicle_l"
	*NODE_TRANSFORMATION_MATRIX {
		*LOCAL_TM0	0.9614	0.2076	-0.1806
		*LOCAL_TM1	-0.2040	0.9782	0.0383
		*LOCAL_TM2	0.1846	0.0000	0.9828
		*LOCAL_TM3	10.1723	0.0054	0.0003
		*Offset_TM0	2.5400	0.0000	-0.0001
		*Offset_TM1	0.0000	2.5028	0.4333
		*Offset_TM2	0.0001	-0.4333	2.5028
		*Offset_TM3	-16.0698	-61.6967	-8.5261
	}
	*NODE_LOCAL_TRANSFORMATION_MATRIX_DECOMPOSITION {
		*TM_TRANSLATION_COMPONENTS	10.1723	0.0054	0.0003
		*TM_ESSENTIAL_ROTATION	0.0695	0.7463	0.6620	0.2794
		*TM_STRETCH_ROTATION	0.9968	-0.0000	0.0803	0.0474
		*TM_STRETCH_FACTORS	1.0000	1.0000	1.0000
		*TM_STRETCH_FLIP_SIGN	1.0000
	}
}
*HELPEROBJECT {
	*NODE_NAME "CloakBone01"
	*NODE_PARENT "spine_03"
	*NODE_TRANSFORMATION_MATRIX {
		*LOCAL_TM0	-0.9277	0.0000	0.3733
		*LOCAL_TM1	-0.0000	-1.0000	0.0000
		*LOCAL_TM2	0.3733	-0.0000	0.9277
		*LOCAL_TM3	7.5255	0.0000	11.3889
		*Offset_TM0	-0.0000	2.5400	-0.0001
		*Offset_TM1	-2.2638	0.0000	1.1518
		*Offset_TM2	1.1518	0.0001	2.2638
		*Offset_TM3	59.0787	-0.0001	-39.8404
	}
	*NODE_LOCAL_TRANSFORMATION_MATRIX_DECOMPOSITION {
		*TM_TRANSLATION_COMPONENTS	7.5255	0.0000	11.3889
		*TM_ESSENTIAL_ROTATION	-0.1901	-0.9818	-0.0000	3.1416
		*TM_STRETCH_ROTATION	0.0000	0.0000	1.0000	0.1225
		*TM_STRETCH_FACTORS	1.0000	1.0000	1.0000
		*TM_STRETCH_FLIP_SIGN	1.0000
	}
}
*HELPEROBJECT {
	*NODE_NAME "CloakBone02"
	*NODE_PARENT "CloakBone01"
	*NODE_TRANSFORMATION_MATRIX {
		*LOCAL_TM0	0.9828	-0.0000	-0.1846
		*LOCAL_TM1	0.0000	1.0000	0.0000
		*LOCAL_TM2	0.1846	-0.0000	0.9828
		*LOCAL_TM3	26.1429	-0.0000	0.0000
		*Offset_TM0	-0.0000	2.5400	-0.0001
		*Offset_TM1	-2.4376	0.0000	0.7140
		*Offset_TM2	0.7140	0.0001	2.4376
		*Offset_TM3	39.7255	-0.0001	-33.0743
	}
	*NODE_LOCAL_TRANSFORMATION_MATRIX_DECOMPOSITION {
		*TM_TRANSLATION_COMPONENTS	26.1429	-0.0000	0.0000
		*TM_ESSENTIAL_ROTATION	0.0000	-0.0000	1.0000	0.1857
		*TM_STRETCH_ROTATION	-0.0000	-0.0000	1.0000	0.1225
		*TM_STRETCH_FACTORS	1.0000	1.0000	1.0000
		*TM_STRETCH_FLIP_SIGN	1.0000
	}
}
*HELPEROBJECT {
	*NODE_NAME "CloakBone03"
	*NODE_PARENT "CloakBone02"
	*NODE_TRANSFORMATION_MATRIX {
		*LOCAL_TM0	0.9936	-0.0000	-0.1133
		*LOCAL_TM1	-0.0000	1.0000	-0.0000
		*LOCAL_TM2	0.1133	0.0000	0.9936
		*LOCAL_TM3	30.4926	-0.0000	0.0000
		*Offset_TM0	-0.0000	2.5400	-0.0001
		*Offset_TM1	-2.5028	0.0000	0.4333
		*Offset_TM2	0.4333	0.0001	2.5028
		*Offset_TM3	12.9208	-0.0001	-31.8152
	}
	*NODE_LOCAL_TRANSFORMATION_MATRIX_DECOMPOSITION {
		*TM_TRANSLATION_COMPONENTS	30.4926	-0.0000	0.0000
		*TM_ESSENTIAL_ROTATION	-0.0000	0.0000	1.0000	0.1135
		*TM_STRETCH_ROTATION	-0.0000	-0.0000	-1.0000	0.0927
		*TM_STRETCH_FACTORS	1.0000	1.0000	1.0000
		*TM_STRETCH_FLIP_SIGN	1.0000
	}
}
*HELPEROBJECT {
	*NODE_NAME "BackpackBone"
	*NODE_PARENT "spine_03"
	*NODE_TRANSFORMATION_MATRIX {
		*LOCAL_TM0	-0.0000	-1.0000	0.0000
		*LOCAL_TM1	0.9965	-0.0000	-0.0832
		*LOCAL_TM2	0.0832	-0.0000	0.9965
		*LOCAL_TM3	5.2731	0.0000	21.7998
		*Offset_TM0	2.5400	0.0000	-0.0001
		*Offset_TM1	0.0000	2.5028	0.4333
		*Offset_TM2	0.0001	-0.4333	2.5028
		*Offset_TM3	-0.0001	-65.0873	-30.8408
	}
	*NODE_LOCAL_TRANSFORMATION_MATRIX_DECOMPOSITION {
		*TM_TRANSLATION_COMPONENTS	5.2731	0.0000	21.7998
		*TM_ESSENTIAL_ROTATION	-0.0416	-0.9983	0.0416	1.5725
		*TM_STRETCH_ROTATION	-0.0000	-0.1031	-0.9947	0.0000
		*TM_STRETCH_FACTORS	1.0000	1.0000	1.0000
		*TM_STRETCH_FLIP_SIGN	1.0000
	}
}
*HELPEROBJECT {
	*NODE_NAME "clavicle_r"
	*NODE_PARENT "spine_03"
	*NODE_TRANSFORMATION_MATRIX {
		*LOCAL_TM0	0.1880	-0.9614	-0.2009
		*LOCAL_TM1	-0.9748	-0.2076	0.0814
		*LOCAL_TM2	-0.1200	0.1806	-0.9762
		*LOCAL_TM3	1.9444	6.2890	-2.1993
		*Offset_TM0	2.4420	0.5273	-0.4586
		*Offset_TM1	0.4307	-2.4482	-0.5217
		*Offset_TM2	-0.5504	0.4238	-2.4432
		*Offset_TM3	-5.7381	63.6832	7.8420
	}
	*NODE_LOCAL_TRANSFORMATION_MATRIX_DECOMPOSITION {
		*TM_TRANSLATION_COMPONENTS	1.9444	6.2890	-2.1993
		*TM_ESSENTIAL_ROTATION	-0.7704	0.1042	0.6289	3.0772
		*TM_STRETCH_ROTATION	0.3434	-0.0885	0.9350	0.1099
		*TM_STRETCH_FACTORS	1.0000	1.0000	1.0000
		*TM_STRETCH_FLIP_SIGN	1.0000
	}
}
*HELPEROBJECT {
	*NODE_NAME "upperarm_r"
	*NODE_PARENT "clavicle_r"
	*NODE_TRANSFORMATION_MATRIX {
		*LOCAL_TM0	0.7754	-0.4814	-0.4087
		*LOCAL_TM1	0.5177	0.8552	-0.0251
		*LOCAL_TM2	0.3616	-0.1921	0.9123
		*LOCAL_TM3	-10.1734	0.0000	0.0000
		*Offset_TM0	1.8270	1.7268	0.3633
		*Offset_TM1	1.7259	-1.8575	0.1501
		*Offset_TM2	0.3677	0.1389	-2.5094
		*Offset_TM3	-30.4257	56.5590	-3.4754
	}
	*NODE_LOCAL_TRANSFORMATION_MATRIX_DECOMPOSITION {
		*TM_TRANSLATION_COMPONENTS	-10.1734	0.0000	0.0000
		*TM_ESSENTIAL_ROTATION	0.1312	-0.7851	0.6053	0.6897
		*TM_STRETCH_ROTATION	-0.3736	0.6671	-0.6444	0.1312
		*TM_STRETCH_FACTORS	1.0000	1.0000	1.0000
		*TM_STRETCH_FLIP_SIGN	1.0000
	}
}
*HELPEROBJECT {
	*NODE_NAME "lowerarm_r"
	*NODE_PARENT "upperarm_r"
	*NODE_TRANSFORMATION_MATRIX {
		*LOCAL_TM0	0.6252	0.0000	-0.7805
		*LOCAL_TM1	0.0000	1.0000	0.0000
		*LOCAL_TM2	0.7805	-0.0000	0.6252
		*LOCAL_TM3	-19.9225	0.0000	0.0000
		*Offset_TM0	0.8586	1.7268	1.6530
		*Offset_TM1	0.9618	-1.8575	1.4409
		*Offset_TM2	2.1885	0.1389	-1.2818
		*Offset_TM3	-3.8536	56.5590	-10.3704
	}
	*NODE_LOCAL_TRANSFORMATION_MATRIX_DECOMPOSITION {
		*TM_TRANSLATION_COMPONENTS	-19.9225	0.0000	0.0000
		*TM_ESSENTIAL_ROTATION	0.0000	-0.0000	1.0000	0.8955
		*TM_STRETCH_ROTATION	0.6040	0.0000	-0.7970	0.0767
		*TM_STRETCH_FACTORS	1.0000	1.0000	1.0000
		*TM_STRETCH_FLIP_SIGN	1.0000
	}
}
*HELPEROBJECT {
	*NODE_NAME "hand_r"
	*NODE_PARENT "lowerarm_r"
	*NODE_TRANSFORMATION_MATRIX {
		*LOCAL_TM0	0.9586	-0.2387	0.1550
		*LOCAL_TM1	-0.2844	-0.8239	0.4903
		*LOCAL_TM2	0.0106	-0.5141	-0.8577
		*LOCAL_TM3	-13.8600	0.0000	0.0000
		*Offset_TM0	0.6670	-0.8564	-2.2963
		*Offset_TM1	1.5888	1.9632	-0.2706
		*Offset_TM2	1.8661	-1.3653	1.0513
		*Offset_TM3	-5.5167	-54.5268	-20.0743
	}
	*NODE_LOCAL_TRANSFORMATION_MATRIX_DECOMPOSITION {
		*TM_TRANSLATION_COMPONENTS	-13.8600	0.0000	0.0000
		*TM_ESSENTIAL_ROTATION	-0.9888	-0.0450	0.1421	3.6743
		*TM_STRETCH_ROTATION	-0.5188	-0.0020	-0.8549	0.2435
		*TM_STRETCH_FACTORS	1.0000	1.0000	1.0000
		*TM_STRETCH_FLIP_SIGN	1.0000
	}
}
*HELPEROBJECT {
	*NODE_NAME "index_01_r"
	*NODE_PARENT "hand_r"
	*NODE_TRANSFORMATION_MATRIX {
		*LOCAL_TM0	0.7132	0.0037	0.7010
		*LOCAL_TM1	-0.0051	1.0000	0.0000
		*LOCAL_TM2	-0.7010	-0.0036	0.7132
		*LOCAL_TM3	-7.8996	-0.5036	2.9178
		*Offset_TM0	-1.1371	-0.8599	-2.1022
		*Offset_TM1	0.9505	1.9550	-1.3138
		*Offset_TM2	2.0628	-1.3749	-0.5534
		*Offset_TM3	-14.6154	-54.0350	-17.8727
	}
	*NODE_LOCAL_TRANSFORMATION_MATRIX_DECOMPOSITION {
		*TM_TRANSLATION_COMPONENTS	-7.8996	-0.5036	2.9178
		*TM_ESSENTIAL_ROTATION	0.0026	0.0063	-1.0000	0.7768
		*TM_STRETCH_ROTATION	0.5082	-0.8612	-0.0000	0.0243
		*TM_STRETCH_FACTORS	1.0000	1.0000	1.0000
		*TM_STRETCH_FLIP_SIGN	1.0000
	}
}
*HELPEROBJECT {
	*NODE_NAME "index_02_r"
	*NODE_PARENT "index_01_r"
	*NODE_TRANSFORMATION_MATRIX {
		*LOCAL_TM0	-0.5713	0.0053	0.8207
		*LOCAL_TM1	0.0101	0.9999	0.0006
		*LOCAL_TM2	-0.8207	0.0086	-0.5714
		*LOCAL_TM3	-8.4993	-0.0000	-0.0001
		*Offset_TM0	-1.0801	-0.8725	2.1269
		*Offset_TM1	-1.6110	1.9637	-0.0126
		*Offset_TM2	-1.6400	-1.3544	-1.3884
		*Offset_TM3	-11.4581	-54.1044	14.7666
	}
	*NODE_LOCAL_TRANSFORMATION_MATRIX_DECOMPOSITION {
		*TM_TRANSLATION_COMPONENTS	-8.4993	-0.0000	-0.0001
		*TM_ESSENTIAL_ROTATION	-0.0049	-0.0029	-1.0000	2.1790
		*TM_STRETCH_ROTATION	-0.9020	0.3404	-0.2656	0.7364
		*TM_STRETCH_FACTORS	1.0000	1.0000	1.0000
		*TM_STRETCH_FLIP_SIGN	1.0000
	}
}
*HELPEROBJECT {
	*NODE_NAME "index_03_r"
	*NODE_PARENT "index_02_r"
	*NODE_TRANSFORMATION_MATRIX {
		*LOCAL_TM0	0.9972	0.0214	0.0714
		*LOCAL_TM1	-0.0218	0.9998	0.0045
		*LOCAL_TM2	-0.0713	-0.0061	0.9974
		*LOCAL_TM3	-6.3434	-0.0000	-0.0000
		*Offset_TM0	-0.9439	-0.8391	2.2038
		*Offset_TM1	-1.5654	1.9982	0.0904
		*Offset_TM2	-1.7636	-1.3246	-1.2597
		*Offset_TM3	-5.2041	-53.9125	15.4226
	}
	*NODE_LOCAL_TRANSFORMATION_MATRIX_DECOMPOSITION {
		*TM_TRANSLATION_COMPONENTS	-6.3434	-0.0000	-0.0000
		*TM_ESSENTIAL_ROTATION	0.0710	0.2889	-0.9547	0.0748
		*TM_STRETCH_ROTATION	-0.9912	0.0000	-0.1327	0.2701
		*TM_STRETCH_FACTORS	1.0000	1.0000	1.0000
		*TM_STRETCH_FLIP_SIGN	1.0000
	}
}
*HELPEROBJECT {
	*NODE_NAME "thumb_01_r"
	*NODE_PARENT "hand_r"
	*NODE_TRANSFORMATION_MATRIX {
		*LOCAL_TM0	0.4437	-0.2899	0.8480
		*LOCAL_TM1	0.8790	-0.0436	-0.4748
		*LOCAL_TM2	0.1746	0.9560	0.2355
		*LOCAL_TM3	-6.2029	4.6623	-2.5731
		*Offset_TM0	-1.4030	1.7140	-1.2431
		*Offset_TM1	-0.0938	1.4395	2.0906
		*Offset_TM2	2.1153	1.2007	-0.7318
		*Offset_TM3	2.6255	11.4940	-60.5898
	}
	*NODE_LOCAL_TRANSFORMATION_MATRIX_DECOMPOSITION {
		*TM_TRANSLATION_COMPONENTS	-6.2029	4.6623	-2.5731
		*TM_ESSENTIAL_ROTATION	-0.7276	-0.5944	-0.3424	1.7540
		*TM_STRETCH_ROTATION	0.0000	0.0000	0.0000	0.0000
		*TM_STRETCH_FACTORS	1.0000	1.0000	1.0000
		*TM_STRETCH_FLIP_SIGN	1.0000
	}
}
*HELPEROBJECT {
	*NODE_NAME "thumb_02_r"
	*NODE_PARENT "thumb_01_r"
	*NODE_TRANSFORMATION_MATRIX {
		*LOCAL_TM0	-0.2375	-0.0346	0.9708
		*LOCAL_TM1	0.0662	0.9965	0.0518
		*LOCAL_TM2	-0.9691	0.0766	-0.2343
		*LOCAL_TM3	-5.2381	0.0001	-0.0000
		*Offset_TM0	-0.9330	1.5507	1.7822
		*Offset_TM1	2.0020	1.5363	-0.2888
		*Offset_TM2	-1.2543	1.2986	-1.7866
		*Offset_TM3	-61.0847	8.8381	7.4574
	}
	*NODE_LOCAL_TRANSFORMATION_MATRIX_DECOMPOSITION {
		*TM_TRANSLATION_COMPONENTS	-5.2381	0.0001	-0.0000
		*TM_ESSENTIAL_ROTATION	-0.0128	-0.0519	-0.9986	1.8108
		*TM_STRETCH_ROTATION	0.2606	-0.8724	-0.4134	0.3937
		*TM_STRETCH_FACTORS	1.0000	1.0000	1.0000
		*TM_STRETCH_FLIP_SIGN	1.0000
	}
}
*HELPEROBJECT {
	*NODE_NAME "thumb_03_r"
	*NODE_PARENT "thumb_02_r"
	*NODE_TRANSFORMATION_MATRIX {
		*LOCAL_TM0	0.9899	-0.0066	0.1418
		*LOCAL_TM1	0.0031	0.9997	0.0253
		*LOCAL_TM2	-0.1419	-0.0246	0.9896
		*LOCAL_TM3	-4.5100	0.0000	-0.0000
		*Offset_TM0	-0.6812	1.5924	1.8579
		*Offset_TM1	1.9306	1.5347	-0.6076
		*Offset_TM2	-1.5035	1.2492	-1.6219
		*Offset_TM3	-55.0035	8.8503	15.1892
	}
	*NODE_LOCAL_TRANSFORMATION_MATRIX_DECOMPOSITION {
		*TM_TRANSLATION_COMPONENTS	-4.5100	0.0000	-0.0000
		*TM_ESSENTIAL_ROTATION	0.1730	-0.0336	-0.9843	0.1446
		*TM_STRETCH_ROTATION	-0.8875	-0.2053	-0.4126	0.2248
		*TM_STRETCH_FACTORS	1.0000	1.0000	1.0000
		*TM_STRETCH_FLIP_SIGN	1.0000
	}
}
*HELPEROBJECT {
	*NODE_NAME "weapon_r"
	*NODE_PARENT "hand_r"
	*NODE_TRANSFORMATION_MATRIX {
		*LOCAL_TM0	1.0000	0.0000	-0.0000
		*LOCAL_TM1	0.0000	-0.0000	-1.0000
		*LOCAL_TM2	-0.0000	1.0000	-0.0000
		*LOCAL_TM3	-9.3992	-0.3605	-0.7268
		*Offset_TM0	0.6670	2.2963	-0.8564
		*Offset_TM1	1.5888	0.2706	1.9632
		*Offset_TM2	1.8661	-1.0513	-1.3653
		*Offset_TM3	3.8826	19.3475	-54.1664
	}
	*NODE_LOCAL_TRANSFORMATION_MATRIX_DECOMPOSITION {
		*TM_TRANSLATION_COMPONENTS	-9.3992	-0.3605	-0.7268
		*TM_ESSENTIAL_ROTATION	-1.0000	0.0000	-0.0000	1.5708
		*TM_STRETCH_ROTATION	0.7228	-0.6037	-0.3363	0.1843
		*TM_STRETCH_FACTORS	1.0000	1.0000	1.0000
		*TM_STRETCH_FLIP_SIGN	1.0000
	}
}
*HELPEROBJECT {
	*NODE_NAME "shoulderPadJoint_r"
	*NODE_PARENT "clavicle_r"
	*NODE_TRANSFORMATION_MATRIX {
		*LOCAL_TM0	0.9614	0.2076	-0.1806
		*LOCAL_TM1	0.2040	-0.9782	-0.0383
		*LOCAL_TM2	-0.1846	0.0000	-0.9828
		*LOCAL_TM3	-10.1723	-0.0054	-0.0003
		*Offset_TM0	2.5400	0.0000	-0.0001
		*Offset_TM1	0.0000	2.5028	0.4333
		*Offset_TM2	0.0001	-0.4333	2.5028
		*Offset_TM3	16.0696	-61.6966	-8.5261
	}
	*NODE_LOCAL_TRANSFORMATION_MATRIX_DECOMPOSITION {
		*TM_TRANSLATION_COMPONENTS	-10.1723	-0.0054	-0.0003
		*TM_ESSENTIAL_ROTATION	-0.9903	0.0922	-0.1039	3.1222
		*TM_STRETCH_ROTATION	-0.6760	-0.7368	-0.0103	0.3132
		*TM_STRETCH_FACTORS	1.0000	1.0000	1.0000
		*TM_STRETCH_FLIP_SIGN	1.0000
	}
}
*HELPEROBJECT {
	*NODE_NAME "thigh_r"
	*NODE_PARENT "pelvis"
	*NODE_TRANSFORMATION_MATRIX {
		*LOCAL_TM0	-0.9780	0.2042	-0.0427
		*LOCAL_TM1	0.1687	0.8945	0.4141
		*LOCAL_TM2	0.1228	0.3978	-0.9092
		*LOCAL_TM3	-2.9833	9.4070	1.9494
		*Offset_TM0	-0.4918	-2.4210	-0.5902
		*Offset_TM1	-2.4828	0.4245	0.3274
		*Offset_TM2	-0.2134	0.6403	-2.4487
		*Offset_TM3	26.7019	-14.1473	-5.5443
	}
	*NODE_LOCAL_TRANSFORMATION_MATRIX_DECOMPOSITION {
		*TM_TRANSLATION_COMPONENTS	-2.9833	9.4070	1.9494
		*TM_ESSENTIAL_ROTATION	-0.0960	-0.2089	-0.9732	3.2267
		*TM_STRETCH_ROTATION	0.7078	-0.5695	-0.4179	0.1158
		*TM_STRETCH_FACTORS	1.0000	1.0000	1.0000
		*TM_STRETCH_FLIP_SIGN	1.0000
	}
}
*HELPEROBJECT {
	*NODE_NAME "calf_r"
	*NODE_PARENT "thigh_r"
	*NODE_TRANSFORMATION_MATRIX {
		*LOCAL_TM0	0.9373	0.0790	-0.3395
		*LOCAL_TM1	-0.0598	0.9960	0.0668
		*LOCAL_TM2	0.3434	-0.0423	0.9382
		*LOCAL_TM3	13.7773	0.2749	0.5948
		*Offset_TM0	-0.4520	-2.4213	-0.6201
		*Offset_TM1	-2.4047	0.5931	-0.5633
		*Offset_TM2	0.6818	0.4868	-2.3979
		*Offset_TM3	13.0582	-15.5471	-0.7114
	}
	*NODE_LOCAL_TRANSFORMATION_MATRIX_DECOMPOSITION {
		*TM_TRANSLATION_COMPONENTS	13.7773	0.2749	0.5948
		*TM_ESSENTIAL_ROTATION	0.1548	0.1968	0.9681	0.3604
		*TM_STRETCH_ROTATION	0.6884	-0.6150	-0.3845	0.0963
		*TM_STRETCH_FACTORS	1.0000	1.0000	1.0000
		*TM_STRETCH_FLIP_SIGN	1.0000
	}
}
*HELPEROBJECT {
	*NODE_NAME "foot_r"
	*NODE_PARENT "calf_r"
	*NODE_TRANSFORMATION_MATRIX {
		*LOCAL_TM0	0.9467	-0.2335	0.2218
		*LOCAL_TM1	0.2511	0.9665	-0.0542
		*LOCAL_TM2	-0.2017	0.1069	0.9736
		*LOCAL_TM3	12.5625	-0.2023	-1.2257
		*Offset_TM0	0.0000	-2.4200	-0.7715
		*Offset_TM1	-2.5400	0.0000	-0.0000
		*Offset_TM2	0.0000	0.7715	-2.4200
		*Offset_TM3	4.1666	-14.7334	-1.2403
	}
	*NODE_LOCAL_TRANSFORMATION_MATRIX_DECOMPOSITION {
		*TM_TRANSLATION_COMPONENTS	12.5625	-0.2023	-1.2257
		*TM_ESSENTIAL_ROTATION	-0.2428	-0.7304	-0.6383	0.3381
		*TM_STRETCH_ROTATION	0.0000	0.0000	0.0000	0.0000
		*TM_STRETCH_FACTORS	1.0000	1.0000	1.0000
		*TM_STRETCH_FLIP_SIGN	1.0000
	}
}
*HELPEROBJECT {
	*NODE_NAME "ball_r"
	*NODE_PARENT "foot_r"
	*NODE_TRANSFORMATION_MATRIX {
		*LOCAL_TM0	-0.0000	0.0000	-1.0000
		*LOCAL_TM1	-0.0000	1.0000	0.0000
		*LOCAL_TM2	1.0000	0.0000	-0.0000
		*LOCAL_TM3	2.0222	0.1546	10.9518
		*Offset_TM0	0.7715	-2.4200	0.0000
		*Offset_TM1	0.0000	0.0000	-2.5400
		*Offset_TM2	2.4200	0.7715	0.0000
		*Offset_TM3	12.1921	-14.8880	2.1443
	}
	*NODE_LOCAL_TRANSFORMATION_MATRIX_DECOMPOSITION {
		*TM_TRANSLATION_COMPONENTS	2.0222	0.1546	10.9518
		*TM_ESSENTIAL_ROTATION	-0.0000	0.0000	1.0000	1.5708
		*TM_STRETCH_ROTATION	0.0000	0.0000	0.0000	0.0000
		*TM_STRETCH_FACTORS	1.0000	1.0000	1.0000
		*TM_STRETCH_FLIP_SIGN	1.0000
	}
}
*GEOMOBJECT {
	*NODE_NAME "Hair01"
	*NODE_TRANSFORMATION_MATRIX {
		*LOCAL_TM0	-0.0000	0.3937	0.0000
		*LOCAL_TM1	-0.3937	-0.0000	0.0000
		*LOCAL_TM2	0.0000	0.0000	0.3937
		*LOCAL_TM3	0.4772	35.9885	-0.5058
		*Offset_TM0	-0.0000	-2.5400	0.0000
		*Offset_TM1	2.5400	-0.0000	0.0000
		*Offset_TM2	0.0000	0.0000	2.5400
		*Offset_TM3	-91.4108	1.2121	1.2847
	}
	*NODE_LOCAL_TRANSFORMATION_MATRIX_DECOMPOSITION {
		*TM_TRANSLATION_COMPONENTS	0.4772	35.9885	-0.5058
		*TM_ESSENTIAL_ROTATION	-0.0000	1.0000	-0.0000	1.5708
		*TM_STRETCH_ROTATION	0.0000	0.0000	0.0000	0.0000
		*TM_STRETCH_FACTORS	0.3937	0.3937	0.3937
		*TM_STRETCH_FLIP_SIGN	1.0000
	}
	*MESH {
		*MAX_VERT	60.574554	44.896366	40.157177
		*MIN_VERT	-18.593178	-43.530514	-50.390575
		*MESH_NUMFACES 798
		*MESH_FACE_LIST {
			*FN	0
			0	0
			17.7706	-9.5520	25.7625	0.8033	0.5171	0.6206	-0.2240	0.7514	-0.3623	-0.9318	0.0214
			1	1.0000	0	
			20.1378	-1.0173	26.3519	0.8032	0.5171	0.6206	-0.2240	0.7514	-0.3623	-0.9318	0.0214
			1	1.0000	0	
			11.3080	-2.5006	33.2020	0.8036	0.5168	0.6206	-0.2240	0.7514	-0.3623	-0.9318	0.0214
			1	1.0000	0	
			*FN	1
			0	0
			11.3080	-2.5006	33.2020	0.8036	0.5168	0.5044	-0.3639	0.7831	-0.6222	-0.7820	0.0374
			1	1.0000	0	
			10.7755	-7.6892	31.1336	0.8036	0.5169	0.5044	-0.3639	0.7831	-0.6222	-0.7820	0.0374
			1	1.0000	0	
			17.7706	-9.5520	25.7625	0.8033	0.5171	0.5044	-0.3639	0.7831	-0.6222	-0.7820	0.0374
			1	1.0000	0	
			*FN	2
			0	0
			-3.4237	1.2130	27.7770	0.8042	0.5170	-0.2314	-0.1949	0.9531	-0.7609	0.6467	-0.0525
			1	1.0000	0	
			-3.4015	-9.2689	25.6391	0.8042	0.5171	-0.2314	-0.1949	0.9531	-0.7609	0.6467	-0.0525
			1	1.0000	0	
			6.7486	-9.5506	28.0460	0.8038	0.5171	-0.2314	-0.1949	0.9531	-0.7609	0.6467	-0.0525
			1	1.0000	0	
			*FN	3
			0	0
			6.7486	-9.5506	28.0460	0.8038	0.5171	-0.2246	-0.1883	0.9561	-0.7635	0.6437	-0.0525
			1	1.0000	0	
			6.8109	1.2131	30.1808	0.8038	0.5170	-0.2246	-0.1883	0.9561	-0.7635	0.6437	-0.0525
			1	1.0000	0	
			-3.4237	1.2130	27.7770	0.8042	0.5170	-0.2246	-0.1883	0.9561	-0.7635	0.6437	-0.0525
			1	1.0000	0	
			*FN	4
			0	0
			-16.8121	1.2127	18.8385	0.8048	0.5175	-0.5395	-0.1532	0.8279	-0.2366	0.9713	0.0255
			1	1.0000	0	
			-15.5377	-8.4049	17.8899	0.8048	0.5175	-0.5395	-0.1532	0.8279	-0.2366	0.9713	0.0255
			1	1.0000	0	
			-3.4015	-9.2689	25.6391	0.8042	0.5171	-0.5395	-0.1532	0.8279	-0.2366	0.9713	0.0255
			1	1.0000	0	
			*FN	5
			0	0
			-3.4015	-9.2689	25.6391	0.8042	0.5171	-0.5473	-0.1684	0.8198	-0.2420	0.9696	0.0376
			1	1.0000	0	
			-3.4237	1.2130	27.7770	0.8042	0.5170	-0.5473	-0.1684	0.8198	-0.2420	0.9696	0.0376
			1	1.0000	0	
			-16.8121	1.2127	18.8385	0.8048	0.5175	-0.5473	-0.1684	0.8198	-0.2420	0.9696	0.0376
			1	1.0000	0	
			*FN	6
			0	0
			32.2959	-15.6381	-28.9386	0.8024	0.5193	0.2876	-0.4694	-0.8348	-0.8114	-0.5825	0.0480
			1	1.0000	0	
			27.7195	-22.5305	-26.6401	0.8027	0.5193	0.2876	-0.4694	-0.8348	-0.8114	-0.5825	0.0480
			1	1.0000	0	
			27.9540	-17.1084	-29.6079	0.8026	0.5194	0.2876	-0.4694	-0.8348	-0.8114	-0.5825	0.0480
			1	1.0000	0	
			*FN	7
			0	0
			12.2209	-29.0843	-13.0435	0.8034	0.5187	0.0792	-0.9557	-0.2835	-0.9933	-0.0998	0.0588
			1	1.0000	0	
			6.8861	-29.5039	-13.1202	0.8037	0.5188	0.0792	-0.9557	-0.2835	-0.9933	-0.0998	0.0588
			1	1.0000	0	
			17.1328	-27.3628	-17.4747	0.8032	0.5189	0.0792	-0.9557	-0.2835	-0.9933	-0.0998	0.0588
			1	1.0000	0	
			*FN	8
			0	0
			-11.5664	-18.2992	15.7617	0.8046	0.5176	-0.4176	-0.6824	0.5999	-0.8322	0.5523	0.0491
			1	1.0000	0	
			-2.4335	-24.9238	14.5829	0.8042	0.5176	-0.4176	-0.6824	0.5999	-0.8322	0.5523	0.0491
			1	1.0000	0	
			-2.7840	-19.3371	20.6941	0.8042	0.5174	-0.4176	-0.6824	0.5999	-0.8322	0.5523	0.0491
			1	1.0000	0	
			*FN	9
			0	0
			6.7486	-9.5506	28.0460	0.8038	0.5171	-0.2187	-0.4409	0.8705	-0.9546	0.2817	-0.0971
			1	1.0000	0	
			-3.4015	-9.2689	25.6391	0.8042	0.5171	-0.2187	-0.4409	0.8705	-0.9546	0.2817	-0.0971
			1	1.0000	0	
			-2.7840	-19.3371	20.6941	0.8042	0.5174	-0.2187	-0.4409	0.8705	-0.9546	0.2817	-0.0971
			1	1.0000	0	
			*FN	10
			0	0
			-2.7840	-19.3371	20.6941	0.8042	0.5174	-0.2229	-0.4374	0.8712	-0.9443	0.3187	-0.0816
			1	1.0000	0	
			6.8851	-20.1200	22.7746	0.8038	0.5173	-0.2229	-0.4374	0.8712	-0.9443	0.3187	-0.0816
			1	1.0000	0	
			6.7486	-9.5506	28.0460	0.8038	0.5171	-0.2229	-0.4374	0.8712	-0.9443	0.3187	-0.0816
			1	1.0000	0	
			*FN	11
			0	0
			-3.4015	-9.2689	25.6391	0.8042	0.5171	-0.5180	-0.3734	0.7696	-0.5312	0.8456	0.0527
			1	1.0000	0	
			-15.5377	-8.4049	17.8899	0.8048	0.5175	-0.5180	-0.3734	0.7696	-0.5312	0.8456	0.0527
			1	1.0000	0	
			-11.5664	-18.2992	15.7617	0.8046	0.5176	-0.5180	-0.3734	0.7696	-0.5312	0.8456	0.0527
			1	1.0000	0	
			*FN	12
			0	0
			-11.5664	-18.2992	15.7617	0.8046	0.5176	-0.4830	-0.4097	0.7738	-0.6859	0.7264	-0.0436
			1	1.0000	0	
			-2.7840	-19.3371	20.6941	0.8042	0.5174	-0.4830	-0.4097	0.7738	-0.6859	0.7264	-0.0436
			1	1.0000	0	
			-3.4015	-9.2689	25.6391	0.8042	0.5171	-0.4830	-0.4097	0.7738	-0.6859	0.7264	-0.0436
			1	1.0000	0	
			*FN	13
			0	0
			2.8040	-30.4778	-8.6030	0.8039	0.5186	0.0341	-0.9829	-0.1811	-0.9972	-0.0454	0.0589
			1	1.0000	0	
			1.3270	-30.0054	-11.4440	0.8039	0.5187	0.0341	-0.9829	-0.1811	-0.9972	-0.0454	0.0589
			1	1.0000	0	
			6.8861	-29.5039	-13.1202	0.8037	0.5188	0.0341	-0.9829	-0.1811	-0.9972	-0.0454	0.0589
			1	1.0000	0	
			*FN	14
			0	0
			6.8861	-29.5039	-13.1202	0.8037	0.5188	0.0385	-0.9834	-0.1772	-0.9970	-0.0497	0.0588
			1	1.0000	0	
			7.2368	-30.3315	-8.4508	0.8037	0.5186	0.0385	-0.9834	-0.1772	-0.9970	-0.0497	0.0588
			1	1.0000	0	
			2.8040	-30.4778	-8.6030	0.8039	0.5186	0.0385	-0.9834	-0.1772	-0.9970	-0.0497	0.0588
			1	1.0000	0	
			*FN	15
			0	0
			-3.4237	1.2130	27.7770	0.8042	0.5170	-0.2285	-0.0370	0.9728	-0.7527	-0.6271	-0.2006
			1	1.0000	0	
			6.8109	1.2131	30.1808	0.8038	0.5170	-0.2285	-0.0370	0.9728	-0.7527	-0.6271	-0.2006
			1	1.0000	0	
			6.9003	11.9768	30.6114	0.8038	0.5171	-0.2285	-0.0370	0.9728	-0.7527	-0.6271	-0.2006
			1	1.0000	0	
			*FN	16
			0	0
			6.9003	11.9768	30.6114	0.8038	0.5171	-0.4315	0.1812	0.8837	-0.7450	-0.6239	-0.2359
			1	1.0000	0	
			-3.4016	11.6948	25.6385	0.8042	0.5171	-0.4315	0.1812	0.8837	-0.7450	-0.6239	-0.2359
			1	1.0000	0	
			-3.4237	1.2130	27.7770	0.8042	0.5170	-0.4315	0.1812	0.8837	-0.7450	-0.6239	-0.2359
			1	1.0000	0	
			*FN	17
			0	0
			-16.8121	1.2127	18.8385	0.8048	0.5175	-0.5473	0.1684	0.8198	-0.2420	-0.9696	0.0376
			1	1.0000	0	
			-3.4237	1.2130	27.7770	0.8042	0.5170	-0.5473	0.1684	0.8198	-0.2420	-0.9696	0.0376
			1	1.0000	0	
			-3.4016	11.6948	25.6385	0.8042	0.5171	-0.5473	0.1684	0.8198	-0.2420	-0.9696	0.0376
			1	1.0000	0	
			*FN	18
			0	0
			-3.4016	11.6948	25.6385	0.8042	0.5171	-0.5395	0.1532	0.8279	-0.2366	-0.9713	0.0255
			1	1.0000	0	
			-15.5378	10.8303	17.8894	0.8048	0.5175	-0.5395	0.1532	0.8279	-0.2366	-0.9713	0.0255
			1	1.0000	0	
			-16.8121	1.2127	18.8385	0.8048	0.5175	-0.5395	0.1532	0.8279	-0.2366	-0.9713	0.0255
			1	1.0000	0	
			*FN	19
			0	0
			28.9838	27.0728	-17.1989	0.8026	0.5189	0.7140	0.1584	-0.6820	-0.2055	0.9786	0.0121
			1	1.0000	0	
			28.1570	32.1029	-16.8964	0.8027	0.5189	0.7140	0.1584	-0.6820	-0.2055	0.9786	0.0121
			1	1.0000	0	
			30.9326	32.5724	-13.8816	0.8025	0.5187	0.7140	0.1584	-0.6820	-0.2055	0.9786	0.0121
			1	1.0000	0	
			*FN	20
			0	0
			30.9326	32.5724	-13.8816	0.8025	0.5187	0.6586	0.2036	-0.7244	-0.2786	0.9603	0.0165
			1	1.0000	0	
			32.9420	25.7087	-13.9836	0.8025	0.5187	0.6586	0.2036	-0.7244	-0.2786	0.9603	0.0165
			1	1.0000	0	
			28.9838	27.0728	-17.1989	0.8026	0.5189	0.6586	0.2036	-0.7244	-0.2786	0.9603	0.0165
			1	1.0000	0	
			*FN	21
			0	0
			6.8858	31.9279	-13.1218	0.8037	0.5188	0.0792	0.9557	-0.2835	-0.9933	0.0998	0.0589
			1	1.0000	0	
			17.2566	31.1123	-12.9727	0.8032	0.5187	0.0792	0.9557	-0.2835	-0.9933	0.0998	0.0589
			1	1.0000	0	
			17.1325	29.7866	-17.4762	0.8032	0.5189	0.0792	0.9557	-0.2835	-0.9933	0.0998	0.0589
			1	1.0000	0	
			*FN	22
			0	0
			28.7796	28.2366	-9.6698	0.8027	0.5186	0.8998	0.2006	0.3874	-0.2230	0.9747	0.0132
			1	1.0000	0	
			28.0047	34.1971	-10.9562	0.8027	0.5186	0.8998	0.2006	0.3874	-0.2230	0.9747	0.0132
			1	1.0000	0	
			25.9324	35.7660	-6.9555	0.8028	0.5185	0.8998	0.2006	0.3874	-0.2230	0.9747	0.0132
			1	1.0000	0	
			*FN	23
			0	0
			25.9324	35.7660	-6.9555	0.8028	0.5185	0.9259	0.2470	0.2859	-0.2622	0.9649	0.0155
			1	1.0000	0	
			26.4918	29.1290	-3.0322	0.8028	0.5183	0.9259	0.2470	0.2859	-0.2622	0.9649	0.0155
			1	1.0000	0	
			28.7796	28.2366	-9.6698	0.8027	0.5186	0.9259	0.2470	0.2859	-0.2622	0.9649	0.0155
			1	1.0000	0	
			*FN	24
			0	0
			29.3969	26.5840	3.0082	0.8027	0.5180	0.8722	0.2136	-0.4400	-0.2314	0.9728	0.0134
			1	1.0000	0	
			31.0325	33.2827	9.5016	0.8026	0.5178	0.8722	0.2136	-0.4400	-0.2314	0.9728	0.0134
			1	1.0000	0	
			33.3778	30.5993	12.8484	0.8025	0.5176	0.8722	0.2136	-0.4400	-0.2314	0.9728	0.0134
			1	1.0000	0	
			*FN	25
			0	0
			33.3778	30.5993	12.8484	0.8025	0.5176	0.7421	0.4597	-0.4878	-0.5120	0.8585	0.0300
			1	1.0000	0	
			33.9430	23.0289	6.5745	0.8025	0.5179	0.7421	0.4597	-0.4878	-0.5120	0.8585	0.0300
			1	1.0000	0	
			29.3969	26.5840	3.0082	0.8027	0.5180	0.7421	0.4597	-0.4878	-0.5120	0.8585	0.0300
			1	1.0000	0	
			*FN	26
			0	0
			28.1723	27.4153	19.7175	0.8028	0.5173	-0.5275	-0.2641	0.8075	-0.4174	0.9084	0.0244
			1	1.0000	0	
			24.5033	30.3329	18.2750	0.8029	0.5174	-0.5275	-0.2641	0.8075	-0.4174	0.9084	0.0244
			1	1.0000	0	
			21.4749	23.7445	14.1420	0.8031	0.5176	-0.5275	-0.2641	0.8075	-0.4174	0.9084	0.0244
			1	1.0000	0	
			*FN	27
			0	0
			21.4749	23.7445	14.1420	0.8031	0.5176	-0.6687	0.1014	0.7366	-0.1409	-0.9900	0.0083
			1	1.0000	0	
			25.6092	19.4983	18.4802	0.8029	0.5174	-0.6687	0.1014	0.7366	-0.1409	-0.9900	0.0083
			1	1.0000	0	
			28.1723	27.4153	19.7175	0.8028	0.5173	-0.6687	0.1014	0.7366	-0.1409	-0.9900	0.0083
			1	1.0000	0	
			*FN	28
			0	0
			-2.7842	21.7628	20.6930	0.8042	0.5174	-0.1400	0.8458	0.5148	-0.9838	-0.1775	0.0241
			1	1.0000	0	
			6.8406	22.5459	22.0240	0.8038	0.5173	-0.1400	0.8458	0.5148	-0.9838	-0.1775	0.0241
			1	1.0000	0	
			6.5893	28.9568	11.4238	0.8037	0.5177	-0.1400	0.8458	0.5148	-0.9838	-0.1775	0.0241
			1	1.0000	0	
			*FN	29
			0	0
			6.5893	28.9568	11.4238	0.8037	0.5177	0.1057	0.7309	0.6742	-0.9943	0.0893	0.0591
			1	1.0000	0	
